Anakia	(569,0,0,0,0,0,0,0,0,0,0,0)
Anakia	(264,0,1,0,0,0,0,0,0,0,0,0)
Anakia	(52,0,0,0,0,0,0,0,0,0,0,0)
Anakia	(73,0,1,0,0,0,0,0,0,0,0,0)
Anakia	(35,0,0,0,0,0,0,0,0,0,0,0)
Anakia	(278,0,0,0,0,0,0,0,0,0,0,0)
Anakia	(96,0,1,0,0,0,0,0,0,0,0,0)
Anakia	(509,0,1,0,0,0,0,0,0,0,0,0)
Anakia	(82,0,1,0,0,0,0,0,0,0,0,0)
Anakia	(77,0,1,0,0,0,0,0,0,0,0,0)
Anakia	(64,0,1,0,0,0,0,0,0,0,0,0)
Anakia	(128,0,1,0,0,0,0,0,0,0,0,0)
Anakia	(160,0,0,0,0,0,0,0,0,0,0,0)
Anakia	(56,0,0,0,0,0,0,0,0,0,0,0)
Anakia	(117,0,0,0,0,0,0,0,0,0,0,0)
